# MVE view meta data is stored in INI-file syntax.
# This file is generated, formatting will get lost.

[camera]
focal_length = 0.7183622122
pixel_aspect = 1
principal_point = 0.5 0.5
rotation = 0.8874821067 0.4344499409 -0.154418394 -0.4463084936 0.8935270905 -0.05138596892 0.1156503111 0.1145387962 0.9867397547
translation = 0.9133481979 0.3103466928 -0.005749053322

[view]
id = 14
name = IMG_9716
