# MVE view meta data is stored in INI-file syntax.
# This file is generated, formatting will get lost.

[camera]
focal_length = 0.8242856264
pixel_aspect = 1
principal_point = 0.5 0.5
rotation = -0.5355125666 0.7151915431 -0.450122267 -0.6688310504 -0.03146975487 0.7436749935 0.5176033974 0.6994626522 0.4948779941
translation = 1.523983002 -2.029695272 1.0122751

[view]
id = 4
name = 15-5
