# MVE view meta data is stored in INI-file syntax.
# This file is generated, formatting will get lost.

[camera]
focal_length = 1.060631633
pixel_aspect = 1
principal_point = 0.5 0.5
rotation = 0.9223200679 -0.3290714622 0.2028668672 0.3010766804 0.9408921003 0.1569624096 -0.2425018549 -0.08371281624 0.9668369889
translation = -0.5602167845 -0.4136786759 0.2372247875

[view]
id = 1
name = IMG_9682
