# MVE view meta data is stored in INI-file syntax.
# This file is generated, formatting will get lost.

[camera]
focal_length = 0.8564981222
pixel_aspect = 1
principal_point = 0.5 0.5
rotation = -0.9872863293 0.03432250768 -0.1578347981 -0.1610169858 -0.2792792916 0.946633637 -0.01160851587 0.9599691629 0.2813408077
translation = 1.067729831 -3.513603687 2.830348969

[view]
id = 14
name = 3-8
