# MVE view meta data is stored in INI-file syntax.
# This file is generated, formatting will get lost.

[camera]
focal_length = 0.9326645136
pixel_aspect = 1
principal_point = 0.5 0.5
rotation = 0.7699416876 0.4959962368 -0.4017381966 -0.5215972066 0.8516690731 0.05185775459 0.3678651154 0.1696102023 0.9144006968
translation = 1.133424282 -0.05683921278 0.2545297444

[view]
id = 4
name = IMG_9685
