# MVE view meta data is stored in INI-file syntax.
# This file is generated, formatting will get lost.

[camera]
focal_length = 0.8420519233
pixel_aspect = 1
principal_point = 0.5 0.5
rotation = 0.9999223948 0.01547246054 -0.005425855052 -0.0155026922 0.9999126792 -0.008521814831 0.005286476575 0.008610080928 0.999973774
translation = 0.01623764448 0.01279658638 0.005751863588

[view]
id = 0
name = 6_1
