# MVE view meta data is stored in INI-file syntax.
# This file is generated, formatting will get lost.

[camera]
focal_length = 2.067308903
pixel_aspect = 1
principal_point = 0.5 0.5
rotation = 0.5625785589 0.799046874 -0.2295172065 -0.8045494556 0.5916644335 0.09427450597 0.2100864202 0.1323795766 0.9712395668
translation = 0.4257126451 -0.2570147216 -0.1949444115

[view]
id = 9
name = 6
