# MVE view meta data is stored in INI-file syntax.
# This file is generated, formatting will get lost.

[camera]
focal_length = 0.8467496037
pixel_aspect = 1
principal_point = 0.5 0.5
rotation = -0.3602928519 0.7327370644 -0.5773289204 -0.7420907617 0.1498968005 0.6533600688 0.5652688146 0.6638377905 0.489741534
translation = 2.857455254 -3.288912773 2.598609209

[view]
id = 3
name = 6_12
