# MVE view meta data is stored in INI-file syntax.
# This file is generated, formatting will get lost.

[camera]
focal_length = 0.969340086
pixel_aspect = 1
principal_point = 0.5 0.5
rotation = 0.619353354 -0.5628702641 0.5475093126 0.5344534516 0.813031435 0.2316765934 -0.5755472183 0.1491805911 0.8043502569
translation = -1.614209652 -0.7139074802 0.7184464931

[view]
id = 5
name = 1006
