# MVE view meta data is stored in INI-file syntax.
# This file is generated, formatting will get lost.

[camera]
focal_length = 0.8578593135
pixel_aspect = 1
principal_point = 0.5 0.5
rotation = 0.6834307909 0.5731338263 -0.4521898031 -0.5720353127 0.805300355 0.1560306698 0.4535871446 0.1520338058 0.8782098293
translation = 2.371184826 -1.182574868 0.9900550842

[view]
id = 6
name = 6_15
