# MVE view meta data is stored in INI-file syntax.
# This file is generated, formatting will get lost.

[camera]
focal_length = 0.9372880459
pixel_aspect = 1
principal_point = 0.5 0.5
rotation = 0.8320704699 -0.3971202075 0.3872976601 0.3918060064 0.9149923325 0.09653289616 -0.3927068114 0.07142096758 0.9169307351
translation = -1.161461353 -0.3143215775 0.2992552519

[view]
id = 6
name = 1007
