# MVE view meta data is stored in INI-file syntax.
# This file is generated, formatting will get lost.

[camera]
focal_length = 0.8409070969
pixel_aspect = 1
principal_point = 0.5 0.5
rotation = 0.5747864842 -0.642786026 0.5064561963 0.6097671986 0.7491623759 0.2588267326 -0.5457695127 0.1600768864 0.8225271106
translation = -2.15813446 -1.099897623 0.9052779078

[view]
id = 9
name = 3-3
