# MVE view meta data is stored in INI-file syntax.
# This file is generated, formatting will get lost.

[camera]
focal_length = 0.9032772183
pixel_aspect = 1
principal_point = 0.5 0.5
rotation = -0.9239131808 0.3785474002 -0.06289291382 -0.1461847723 -0.197219342 0.9696941972 0.3545777202 0.9050656557 0.2376677543
translation = 0.07826377451 -2.583649874 1.975145936

[view]
id = 10
name = IMG_9691
