# MVE view meta data is stored in INI-file syntax.
# This file is generated, formatting will get lost.

[camera]
focal_length = 0.8307080865
pixel_aspect = 1
principal_point = 0.5 0.5
rotation = 1.000034213 -0.008229676634 -0.004585247487 0.008188018575 0.9999821186 -0.004339093342 0.004611471202 0.004297277424 1.000077486
translation = 0.0030634047 0.02993695252 -0.01801107824

[view]
id = 5
name = 3-14
