# MVE view meta data is stored in INI-file syntax.
# This file is generated, formatting will get lost.

[camera]
focal_length = 0.7294944525
pixel_aspect = 1
principal_point = 0.5 0.5
rotation = -0.9685781002 0.2288969457 -0.09936077893 -0.02937150002 0.2918638289 0.9569886923 0.2478346825 0.9297889471 -0.2759948671
translation = 1.564294338 -4.378163338 4.081951141

[view]
id = 21
name = 6-22
