# MVE view meta data is stored in INI-file syntax.
# This file is generated, formatting will get lost.

[camera]
focal_length = 0.8384180665
pixel_aspect = 1
principal_point = 0.5 0.5
rotation = -0.6647029519 0.5855956078 -0.4651787877 -0.5905242562 -0.02817902155 0.8071218133 0.4594142437 0.8112663627 0.3643929958
translation = 2.130806208 -4.004609585 3.113492727

[view]
id = 2
name = 6_11
