# MVE view meta data is stored in INI-file syntax.
# This file is generated, formatting will get lost.

[camera]
focal_length = 0.7491385341
pixel_aspect = 1
principal_point = 0.5 0.5
rotation = -0.584692359 -0.3815643787 0.7163318992 0.5587642193 0.4512429833 0.6963752508 -0.58896631 0.8074059486 -0.05066246912
translation = -2.335089445 -3.53226161 3.597758532

[view]
id = 27
name = 6-28
