# MVE view meta data is stored in INI-file syntax.
# This file is generated, formatting will get lost.

[camera]
focal_length = 0.8026176691
pixel_aspect = 1
principal_point = 0.5 0.5
rotation = 0.0005783781526 0.6111969948 -0.7918669581 -0.5195388198 0.6771247983 0.5216283202 0.8550374508 0.4110791683 0.3177473843
translation = 4.158996582 -2.144046307 1.340609074

[view]
id = 14
name = 6-15
