# MVE view meta data is stored in INI-file syntax.
# This file is generated, formatting will get lost.

[camera]
focal_length = 0.9641702175
pixel_aspect = 1
principal_point = 0.5 0.5
rotation = 0.4977368414 0.6274441481 -0.5988708138 -0.6628682017 0.7206667662 0.2043026835 0.5597739816 0.295273453 0.7745947242
translation = 1.625167727 -0.549518764 0.9563881755

[view]
id = 5
name = IMG_9686
