# MVE view meta data is stored in INI-file syntax.
# This file is generated, formatting will get lost.

[camera]
focal_length = 0.8656559587
pixel_aspect = 1
principal_point = 0.5 0.5
rotation = 0.9007986188 -0.3465802372 0.2616660297 0.3186973929 0.9369000793 0.1437472999 -0.2949789166 -0.04609849304 0.9544093609
translation = -1.004912138 -0.31259951 0.2755588293

[view]
id = 0
name = 15-1
