# MVE view meta data is stored in INI-file syntax.
# This file is generated, formatting will get lost.

[camera]
focal_length = 0.8436722159
pixel_aspect = 1
principal_point = 0.5 0.5
rotation = 0.9162424803 0.240140155 -0.3207219243 -0.2636075616 0.964150846 -0.03107610159 0.3017666936 0.1130235717 0.9466942549
translation = 2.624838114 -0.1894876063 0.3839497566

[view]
id = 3
name = IMG_9895
