# MVE view meta data is stored in INI-file syntax.
# This file is generated, formatting will get lost.

[camera]
focal_length = 0.8007614613
pixel_aspect = 1
principal_point = 0.5 0.5
rotation = 0.69316113 -0.4243972301 0.5829573274 0.4654325545 0.8815296292 0.08798970282 -0.5515106916 0.2104292363 0.8079083562
translation = -2.425746918 -0.7274134159 -0.09724584222

[view]
id = 2
name = 6-03
