# MVE view meta data is stored in INI-file syntax.
# This file is generated, formatting will get lost.

[camera]
focal_length = 0.8467786312
pixel_aspect = 1
principal_point = 0.5 0.5
rotation = 0.9992080927 0.004629881587 0.0416890718 -0.004991644993 1.000019073 0.01012870204 -0.04164655134 -0.01030257717 0.9991680384
translation = -0.1000890732 -0.4274783731 0.2481942028

[view]
id = 9
name = 6_18
