# MVE view meta data is stored in INI-file syntax.
# This file is generated, formatting will get lost.

[camera]
focal_length = 0.8396530747
pixel_aspect = 1
principal_point = 0.5 0.5
rotation = 0.1600818783 -0.8016554713 0.5759711862 0.743563354 0.4817553461 0.4638726413 -0.6493365765 0.3540478349 0.6731622219
translation = -2.248503685 -2.134144545 1.612147808

[view]
id = 10
name = 3-4
