# MVE view meta data is stored in INI-file syntax.
# This file is generated, formatting will get lost.

[camera]
focal_length = 0.5229668617
pixel_aspect = 1
principal_point = 0.5 0.5
rotation = 0.8527981043 0.4971144795 -0.1609824151 -0.5221276283 0.8217256069 -0.2291703224 0.01836323924 0.279471755 0.9602880478
translation = 0.6007059813 1.17376709 -1.487830639

[view]
id = 0
name = IMG_9702
