# MVE view meta data is stored in INI-file syntax.
# This file is generated, formatting will get lost.

[camera]
focal_length = 0.8368686438
pixel_aspect = 1
principal_point = 0.5 0.5
rotation = 0.6869384646 -0.6181697845 0.3823208213 0.5897963643 0.7814393044 0.204016909 -0.4248591661 0.08536169678 0.9013795853
translation = -1.80108881 -0.9740161896 0.5041873455

[view]
id = 15
name = IMG_0060
