# MVE view meta data is stored in INI-file syntax.
# This file is generated, formatting will get lost.

[camera]
focal_length = 0.8030841947
pixel_aspect = 1
principal_point = 0.5 0.5
rotation = 0.3843597174 0.541028142 -0.7481279373 -0.4901920557 0.8066335917 0.3312194943 0.7826853991 0.2394419461 0.5751722455
translation = 3.759629011 -1.298487663 0.206936717

[view]
id = 12
name = 6-13
