# MVE view meta data is stored in INI-file syntax.
# This file is generated, formatting will get lost.

[camera]
focal_length = 0.8113634586
pixel_aspect = 1
principal_point = 0.5 0.5
rotation = 0.3951438069 -0.5170506239 0.7594220638 0.5894845128 0.7767660022 0.22211878 -0.7047305107 0.3598876297 0.6115962267
translation = -3.059423208 -1.398732185 0.9295276999

[view]
id = 0
name = 6-01
