# MVE view meta data is stored in INI-file syntax.
# This file is generated, formatting will get lost.

[camera]
focal_length = 1.055582762
pixel_aspect = 1
principal_point = 0.5 0.5
rotation = 0.7327861786 -0.501712203 0.4598277807 0.1771889478 0.7931614518 0.5830386281 -0.657205224 -0.3457574248 0.6700735092
translation = -0.8266534805 -1.155642033 -0.5856483579

[view]
id = 0
name = 1
