# MVE view meta data is stored in INI-file syntax.
# This file is generated, formatting will get lost.

[camera]
focal_length = 1.025646091
pixel_aspect = 1
principal_point = 0.5 0.5
rotation = 0.9995564222 -0.02874396555 0.01433594991 0.02829165012 0.9990901947 0.03388991952 -0.01529041212 -0.03346672282 0.999407649
translation = -0.0428343676 -0.07738338411 0.2005691081

[view]
id = 2
name = IMG_9683
