# MVE view meta data is stored in INI-file syntax.
# This file is generated, formatting will get lost.

[camera]
focal_length = 0.8068888187
pixel_aspect = 1
principal_point = 0.5 0.5
rotation = 0.7027224302 0.3963263333 -0.5909000635 -0.3757413924 0.912042141 0.1647910774 0.6042521 0.1062280014 0.7898032069
translation = 2.873524666 -0.608327508 -0.638863802

[view]
id = 10
name = 6-11
