# MVE view meta data is stored in INI-file syntax.
# This file is generated, formatting will get lost.

[camera]
focal_length = 0.7987255454
pixel_aspect = 1
principal_point = 0.5 0.5
rotation = -0.3703416884 0.5971553922 -0.7118536234 -0.4633805454 0.545141995 0.6988450289 0.8053779006 0.5886665583 0.07481388748
translation = 3.990954161 -2.976530552 2.438772678

[view]
id = 16
name = 6-17
