# MVE view meta data is stored in INI-file syntax.
# This file is generated, formatting will get lost.

[camera]
focal_length = 0.9338302016
pixel_aspect = 1
principal_point = 0.5 0.5
rotation = 0.9147607088 0.3551901877 -0.1925873011 -0.3502426147 0.934736371 0.06051651016 0.2015264481 0.01211813278 0.979447186
translation = 0.5486955047 -0.1436677724 -0.1562161744

[view]
id = 9
name = 1010
