# MVE view meta data is stored in INI-file syntax.
# This file is generated, formatting will get lost.

[camera]
focal_length = 1.017513871
pixel_aspect = 1
principal_point = 0.5 0.5
rotation = 0.7488404512 0.6588147283 -0.08474502712 -0.6601438522 0.7523691654 0.01657035016 0.07433048636 0.04351145402 0.997662127
translation = 0.1699404269 -0.0892920047 -1.126468062

[view]
id = 8
name = 5
