# MVE view meta data is stored in INI-file syntax.
# This file is generated, formatting will get lost.

[camera]
focal_length = 0.8817517161
pixel_aspect = 1
principal_point = 0.5 0.5
rotation = -0.8299343586 0.3985868096 -0.3914778531 -0.2589538097 0.3508571386 0.9034511447 0.4976113737 0.8510398865 -0.1875840425
translation = 2.792408466 -4.010501862 4.251713753

[view]
id = 19
name = 6-20
