# MVE view meta data is stored in INI-file syntax.
# This file is generated, formatting will get lost.

[camera]
focal_length = 0.8148165345
pixel_aspect = 1
principal_point = 0.5 0.5
rotation = 0.02140476368 0.8274015784 -0.5612160563 -0.7787832618 0.3658006191 0.5096060634 0.6269363761 0.4261561334 0.652192533
translation = 2.894447088 -2.121456385 1.161540151

[view]
id = 9
name = IMG_0054
