# MVE view meta data is stored in INI-file syntax.
# This file is generated, formatting will get lost.

[camera]
focal_length = 0.6258627176
pixel_aspect = 1
principal_point = 0.5 0.5
rotation = 0.2397471815 0.9542184472 -0.1791330576 -0.967081964 0.2510640621 0.04327485338 0.08627880365 0.1627947539 0.9829288125
translation = 0.2257773578 -0.1396146119 -1.152891278

[view]
id = 11
name = 8
