# MVE view meta data is stored in INI-file syntax.
# This file is generated, formatting will get lost.

[camera]
focal_length = 0.8357312679
pixel_aspect = 1
principal_point = 0.5 0.5
rotation = 0.9999981523 -0.00246535847 0.0001913989836 0.002464227844 0.9999973178 0.001895129331 -0.0001968554279 -0.001894647372 0.9999998808
translation = -0.005695326719 0.0003300281824 0.05547346175

[view]
id = 8
name = 4_6
