# MVE view meta data is stored in INI-file syntax.
# This file is generated, formatting will get lost.

[camera]
focal_length = 0.8285330534
pixel_aspect = 1
principal_point = 0.5 0.5
rotation = 0.4491132796 0.7279140949 -0.5182512403 -0.6916229129 0.6505739689 0.3144128621 0.5660598874 0.217302829 0.7955262661
translation = 2.663960695 -1.286539078 0.7303786278

[view]
id = 10
name = IMG_0055
