# MVE view meta data is stored in INI-file syntax.
# This file is generated, formatting will get lost.

[camera]
focal_length = 0.7215176225
pixel_aspect = 1
principal_point = 0.5 0.5
rotation = 0.9995559454 -0.03169203922 -0.01363966148 0.03201045096 0.9993259311 0.02578359284 0.01279073488 -0.02620576881 0.9996427894
translation = 0.0465529561 -0.04663229361 -0.01436874364

[view]
id = 13
name = IMG_9715
