# MVE view meta data is stored in INI-file syntax.
# This file is generated, formatting will get lost.

[camera]
focal_length = 0.880246222
pixel_aspect = 1
principal_point = 0.5 0.5
rotation = 0.791983366 -0.4220755398 0.4414677918 0.4301126301 0.8987592459 0.08761607856 -0.4336552322 0.1204142645 0.8933141828
translation = -1.958108902 -0.629724741 0.543787539

[view]
id = 11
name = 6_3
