# MVE view meta data is stored in INI-file syntax.
# This file is generated, formatting will get lost.

[camera]
focal_length = 0.7320537567
pixel_aspect = 1
principal_point = 0.5 0.5
rotation = -0.7338716984 -0.2922174335 0.6137313247 0.4818356335 0.4132118225 0.7736666203 -0.4797883332 0.8634179831 -0.1623511016
translation = -1.794741273 -3.844255447 3.995536566

[view]
id = 26
name = 6-27
