# MVE view meta data is stored in INI-file syntax.
# This file is generated, formatting will get lost.

[camera]
focal_length = 0.8706986308
pixel_aspect = 1
principal_point = 0.5 0.5
rotation = 0.2137176543 0.7049571276 -0.6766086817 -0.7284176946 0.576361835 0.3704785407 0.6511232853 0.4136931598 0.6366763115
translation = 2.171838522 -0.8272300363 0.7883415222

[view]
id = 5
name = 4_3
