# MVE view meta data is stored in INI-file syntax.
# This file is generated, formatting will get lost.

[camera]
focal_length = 1.044775844
pixel_aspect = 1
principal_point = 0.5 0.5
rotation = -0.01425061561 -0.7526294589 0.6584799886 0.6824771762 0.4743000567 0.5566006303 -0.731167078 0.4573459327 0.5068395138
translation = -1.956756711 -1.665508032 1.368373632

[view]
id = 3
name = 1004
