# MVE view meta data is stored in INI-file syntax.
# This file is generated, formatting will get lost.

[camera]
focal_length = 0.8356980085
pixel_aspect = 1
principal_point = 0.5 0.5
rotation = -0.7099484205 0.5806995034 -0.398461163 -0.4891371727 0.0004751760862 0.8722298145 0.5066776276 0.8141437173 0.2837011516
translation = 1.830101848 -3.282774687 2.564411163

[view]
id = 15
name = IMG_0078
