# MVE view meta data is stored in INI-file syntax.
# This file is generated, formatting will get lost.

[camera]
focal_length = 0.8341005445
pixel_aspect = 1
principal_point = 0.5 0.5
rotation = 0.3622485101 -0.7562110424 0.5449482203 0.7311354876 0.5931814909 0.3372542858 -0.5782852769 0.2762753963 0.7677643299
translation = -2.830512524 -1.682015061 1.082782984

[view]
id = 17
name = IMG_0062
