# MVE view meta data is stored in INI-file syntax.
# This file is generated, formatting will get lost.

[camera]
focal_length = 0.8399669528
pixel_aspect = 1
principal_point = 0.5 0.5
rotation = 0.6763516665 0.5346078277 -0.5068166256 -0.5501027703 0.8241055608 0.1352062672 0.4899091125 0.1873980612 0.8514429927
translation = 2.126580477 -0.6015547514 0.5368220806

[view]
id = 19
name = IMG_0082
