# MVE view meta data is stored in INI-file syntax.
# This file is generated, formatting will get lost.

[camera]
focal_length = 0.8455802798
pixel_aspect = 1
principal_point = 0.5 0.5
rotation = 0.6352350712 -0.5735563636 0.5172176957 0.4984610379 0.8160091043 0.2926982939 -0.5899322033 0.07188104838 0.8042516708
translation = -1.454316854 -0.9152348042 0.8512401581

[view]
id = 10
name = 4_8
