# MVE view meta data is stored in INI-file syntax.
# This file is generated, formatting will get lost.

[camera]
focal_length = 0.799916327
pixel_aspect = 1
principal_point = 0.5 0.5
rotation = -0.3006733656 0.8258402348 0.4770808518 -0.9149127007 -0.3910212815 0.1002582237 0.2693504989 -0.4063406289 0.8731312156
translation = -5.123475552 -1.872576833 0.5858882666

[view]
id = 1
name = 2-10
