# MVE view meta data is stored in INI-file syntax.
# This file is generated, formatting will get lost.

[camera]
focal_length = 0.8311339617
pixel_aspect = 1
principal_point = 0.5 0.5
rotation = 0.9343102574 -0.2944097221 0.2009996772 0.2944125235 0.9552023411 0.03057896905 -0.200990662 0.03060709685 0.9791271091
translation = -0.963318944 -0.1972579509 0.2342614979

[view]
id = 6
name = 3-15
