# MVE view meta data is stored in INI-file syntax.
# This file is generated, formatting will get lost.

[camera]
focal_length = 0.8440288901
pixel_aspect = 1
principal_point = 0.5 0.5
rotation = 0.8270484805 -0.4233895242 0.3698470891 0.4030587077 0.9051955938 0.1348690689 -0.3918617368 0.03754210845 0.9192866087
translation = -1.700755954 -0.526976943 0.1513916254

[view]
id = 7
name = IMG_0070
