# MVE view meta data is stored in INI-file syntax.
# This file is generated, formatting will get lost.

[camera]
focal_length = 1.114734411
pixel_aspect = 1
principal_point = 0.5 0.5
rotation = 0.9423059225 0.0952013731 0.3288794756 -0.1639897525 0.9693316221 0.1970659345 -0.2997440696 -0.2379601002 0.92736274
translation = -0.5998382568 -0.4487860501 -0.9367814064

[view]
id = 6
name = 3
