# MVE view meta data is stored in INI-file syntax.
# This file is generated, formatting will get lost.

[camera]
focal_length = 0.8124236465
pixel_aspect = 1
principal_point = 0.5 0.5
rotation = 0.5389638543 -0.4865143895 0.6879865527 0.5405097604 0.8264917731 0.1602788121 -0.6467894316 0.2854247689 0.708055675
translation = -2.823760509 -1.089606285 0.4576326311

[view]
id = 1
name = 6-02
