# MVE view meta data is stored in INI-file syntax.
# This file is generated, formatting will get lost.

[camera]
focal_length = 0.8398877978
pixel_aspect = 1
principal_point = 0.5 0.5
rotation = 0.3705856502 -0.7723377347 0.516297996 0.7352812886 0.5834110975 0.3455444276 -0.5680336952 0.2516990006 0.7840229869
translation = -2.519365788 -1.768700004 1.211820602

[view]
id = 16
name = IMG_0061
