# MVE view meta data is stored in INI-file syntax.
# This file is generated, formatting will get lost.

[camera]
focal_length = 0.8499573469
pixel_aspect = 1
principal_point = 0.5 0.5
rotation = -0.9607616067 -0.2673116326 0.07419706136 0.1473141909 -0.2649567127 0.9529457092 -0.2350758165 0.9264782667 0.2939364314
translation = 0.3155650496 -3.755342245 2.871653557

[view]
id = 13
name = 3-7
