# MVE view meta data is stored in INI-file syntax.
# This file is generated, formatting will get lost.

[camera]
focal_length = 0.6398845911
pixel_aspect = 1
principal_point = 0.5 0.5
rotation = -0.4690593481 -0.300753206 0.8308982253 0.8162150979 0.2146148086 0.5375339389 -0.3398129642 0.9301460981 0.1452248544
translation = -3.244315386 -2.697519064 3.074105501

[view]
id = 14
name = 6_6
