# MVE view meta data is stored in INI-file syntax.
# This file is generated, formatting will get lost.

[camera]
focal_length = 0.5031115413
pixel_aspect = 1
principal_point = 0.5 0.5
rotation = 0.08971524239 0.9725163579 -0.2151794881 -0.9939748049 0.1013083234 0.04344611987 0.06400353462 0.209955439 0.9756512046
translation = 0.2471958995 -0.1046715006 -1.255321026

[view]
id = 12
name = 9
