# MVE view meta data is stored in INI-file syntax.
# This file is generated, formatting will get lost.

[camera]
focal_length = 0.8392236233
pixel_aspect = 1
principal_point = 0.5 0.5
rotation = 0.3962514997 -0.7636604309 0.5097756982 0.7336794734 0.5972523093 0.3243197501 -0.5521398783 0.245508939 0.7969284058
translation = -2.769531488 -1.292546153 0.7566820979

[view]
id = 0
name = IMG_0045
