# MVE view meta data is stored in INI-file syntax.
# This file is generated, formatting will get lost.

[camera]
focal_length = 0.8404537439
pixel_aspect = 1
principal_point = 0.5 0.5
rotation = -0.720726788 0.6910765767 -0.05473037437 -0.5892201066 -0.5690997243 0.573551774 0.3652306199 0.4456208646 0.8173521757
translation = 0.2107891589 -2.502939939 0.4414729178

[view]
id = 2
name = IMG_0065
