# MVE view meta data is stored in INI-file syntax.
# This file is generated, formatting will get lost.

[camera]
focal_length = 0.8443824649
pixel_aspect = 1
principal_point = 0.5 0.5
rotation = -0.6846868396 -0.5568107367 0.470295608 0.6018313766 -0.06788125634 0.7957672477 -0.4111652374 0.8278921843 0.3815789223
translation = -2.184619665 -4.11825943 3.088593245

[view]
id = 3
name = IMG_0048
