# MVE view meta data is stored in INI-file syntax.
# This file is generated, formatting will get lost.

[camera]
focal_length = 0.8318629265
pixel_aspect = 1
principal_point = 0.5 0.5
rotation = 0.8979536295 -0.3521103859 0.2641072273 0.3253132701 0.9351534843 0.1405337751 -0.2964604795 -0.04027207196 0.9542684555
translation = -1.302911758 -0.3851222694 0.2797335982

[view]
id = 8
name = 3-2
