# MVE view meta data is stored in INI-file syntax.
# This file is generated, formatting will get lost.

[camera]
focal_length = 0.8532832265
pixel_aspect = 1
principal_point = 0.5 0.5
rotation = -0.3578869998 -0.7876852155 0.5017383099 0.6889778972 0.1399326473 0.7112341523 -0.6304095984 0.6002358198 0.4926333427
translation = -1.617554784 -3.195140123 2.574696064

[view]
id = 11
name = 3-5
