# MVE view meta data is stored in INI-file syntax.
# This file is generated, formatting will get lost.

[camera]
focal_length = 0.703525424
pixel_aspect = 1
principal_point = 0.5 0.5
rotation = 0.6948031783 -0.7100110054 0.151529789 0.6852680445 0.7125795484 0.164344579 -0.2247968763 -0.01039485168 0.9813657403
translation = -0.4051682055 -0.8147307038 0.0781949535

[view]
id = 12
name = IMG_9714
