# MVE view meta data is stored in INI-file syntax.
# This file is generated, formatting will get lost.

[camera]
focal_length = 0.8504210711
pixel_aspect = 1
principal_point = 0.5 0.5
rotation = -0.9220476151 -0.2679118216 0.2800039947 0.3352311254 -0.1896069497 0.9228964448 -0.1941177398 0.9448017478 0.2646896541
translation = -0.8167321086 -4.763969421 3.719969273

[view]
id = 4
name = IMG_0049
