# MVE view meta data is stored in INI-file syntax.
# This file is generated, formatting will get lost.

[camera]
focal_length = 0.8394719958
pixel_aspect = 1
principal_point = 0.5 0.5
rotation = 0.4999401569 0.6350185275 -0.5889327526 -0.6525319219 0.7233017683 0.2259647846 0.5694443583 0.2713294327 0.775970161
translation = 2.575181246 -1.022767305 0.894603312

[view]
id = 18
name = IMG_0081
