# MVE view meta data is stored in INI-file syntax.
# This file is generated, formatting will get lost.

[camera]
focal_length = 1.039196134
pixel_aspect = 1
principal_point = 0.5 0.5
rotation = 0.8833768964 0.4298293591 0.1893345267 -0.4434238076 0.8961990476 0.03307252005 -0.1552191824 -0.1127146482 0.9816964269
translation = -0.3371127546 -0.1399711818 -1.097628355

[view]
id = 7
name = 4
