# MVE view meta data is stored in INI-file syntax.
# This file is generated, formatting will get lost.

[camera]
focal_length = 0.8663855791
pixel_aspect = 1
principal_point = 0.5 0.5
rotation = 0.4079172909 -0.6873385906 0.6011968255 0.6908707023 0.6631168723 0.2888528407 -0.5971850753 0.2975152731 0.7453517318
translation = -2.581113815 -1.731265306 1.425694108

[view]
id = 12
name = 6_4
