# MVE view meta data is stored in INI-file syntax.
# This file is generated, formatting will get lost.

[camera]
focal_length = 0.8606284857
pixel_aspect = 1
principal_point = 0.5 0.5
rotation = 0.3620634079 0.7396104336 -0.5673874021 -0.7583321929 0.5878497362 0.2822420001 0.5422493219 0.3280393183 0.7737357616
translation = 2.72187829 -1.830203652 1.674792051

[view]
id = 5
name = 6_14
