# MVE view meta data is stored in INI-file syntax.
# This file is generated, formatting will get lost.

[camera]
focal_length = 0.8373975158
pixel_aspect = 1
principal_point = 0.5 0.5
rotation = 0.9379135966 -0.2734298706 0.2135218829 0.2646553218 0.9619036913 0.06926175952 -0.2242786288 -0.008464390412 0.9745212197
translation = -0.967777729 -0.2658098638 0.1562970579

[view]
id = 6
name = IMG_0069
