# MVE view meta data is stored in INI-file syntax.
# This file is generated, formatting will get lost.

[camera]
focal_length = 0.8293327689
pixel_aspect = 1
principal_point = 0.5 0.5
rotation = 0.1885379702 -0.7598621249 0.6221515536 0.5886946321 0.5945253372 0.5477224588 -0.7860743403 0.262994945 0.5594086647
translation = -1.965828776 -1.813536406 1.566632748

[view]
id = 11
name = 4_9
