# MVE view meta data is stored in INI-file syntax.
# This file is generated, formatting will get lost.

[camera]
focal_length = 0.8481704593
pixel_aspect = 1
principal_point = 0.5 0.5
rotation = -0.7817599177 0.1420895606 0.6072185636 -0.2948890924 -0.9421814084 -0.1592116803 0.5494905114 -0.3035198152 0.7784551382
translation = -5.264060974 0.7738136649 1.482128739

[view]
id = 3
name = 2-12
