# MVE view meta data is stored in INI-file syntax.
# This file is generated, formatting will get lost.

[camera]
focal_length = 0.879103899
pixel_aspect = 1
principal_point = 0.5 0.5
rotation = 0.2932895124 0.901245892 0.3190205693 -0.9448955059 0.2224365771 0.2404991984 0.1457886845 -0.3719733357 0.9168186188
translation = -2.872652531 -2.706352949 2.055483103

[view]
id = 9
name = 2-7
