# MVE view meta data is stored in INI-file syntax.
# This file is generated, formatting will get lost.

[camera]
focal_length = 0.8523803949
pixel_aspect = 1
principal_point = 0.5 0.5
rotation = -0.8969808817 0.3160854578 -0.3096259832 -0.3972650766 -0.2676864862 0.8778476119 0.19464764 0.9103988409 0.3655965626
translation = 1.553441405 -3.187114954 2.39915061

[view]
id = 15
name = 3-9
