# MVE view meta data is stored in INI-file syntax.
# This file is generated, formatting will get lost.

[camera]
focal_length = 0.6451793909
pixel_aspect = 1
principal_point = 0.5 0.5
rotation = -0.9296159744 -0.09056890011 0.3593124747 0.2994582057 0.3890119791 0.8717906475 -0.2184764296 0.917448163 -0.3350372314
translation = -0.5230696201 -4.211129189 4.309443951

[view]
id = 24
name = 6-25
