# MVE view meta data is stored in INI-file syntax.
# This file is generated, formatting will get lost.

[camera]
focal_length = 1.07427752
pixel_aspect = 1
principal_point = 0.5 0.5
rotation = 0.8732059598 -0.2431851178 0.4227426946 0.06660464406 0.9183261395 0.3908368945 -0.483217895 -0.3129885793 0.8178527355
translation = -0.7642584443 -0.8076682091 -0.8160524368

[view]
id = 5
name = 2
