# MVE view meta data is stored in INI-file syntax.
# This file is generated, formatting will get lost.

[camera]
focal_length = 0.8532391787
pixel_aspect = 1
principal_point = 0.5 0.5
rotation = -0.9872530103 0.01269528735 -0.160165146 -0.1573165953 -0.275488615 0.948450923 -0.0320934467 0.9615550041 0.2739670575
translation = 0.8282631636 -2.746560574 2.207410336

[view]
id = 3
name = 15-4
