# MVE view meta data is stored in INI-file syntax.
# This file is generated, formatting will get lost.

[camera]
focal_length = 0.8092311025
pixel_aspect = 1
principal_point = 0.5 0.5
rotation = 0.8311948776 0.2984316349 -0.4691780806 -0.2888854444 0.9528226852 0.09421794116 0.4751975536 0.05721474439 0.8781368732
translation = 2.251031399 -0.3391464353 -0.9579935074

[view]
id = 9
name = 6-10
