# MVE view meta data is stored in INI-file syntax.
# This file is generated, formatting will get lost.

[camera]
focal_length = 0.8806785941
pixel_aspect = 1
principal_point = 0.5 0.5
rotation = 0.9617468715 -0.1348226666 0.2389417142 0.1362329572 0.9906942844 0.01057785098 -0.2381211519 0.02235547639 0.9710621238
translation = -1.032458067 -0.1191063374 0.3386156857

[view]
id = 10
name = 6_2
