# MVE view meta data is stored in INI-file syntax.
# This file is generated, formatting will get lost.

[camera]
focal_length = 0.8418903351
pixel_aspect = 1
principal_point = 0.5 0.5
rotation = 0.636258781 0.542051971 -0.5489959717 -0.5841861963 0.8032872081 0.1160908043 0.5039106011 0.2468646914 0.8277472854
translation = 2.501088142 -0.4661267102 0.5492381454

[view]
id = 3
name = IMG_0066
