# MVE view meta data is stored in INI-file syntax.
# This file is generated, formatting will get lost.

[camera]
focal_length = 1.098204017
pixel_aspect = 1
principal_point = 0.5 0.5
rotation = -0.3210472465 -0.8013347387 0.505173862 0.5813657045 0.2542964816 0.7729371786 -0.7478023767 0.5418002605 0.3842273355
translation = -1.571936488 -2.335866928 1.870908022

[view]
id = 2
name = 1003
