# MVE view meta data is stored in INI-file syntax.
# This file is generated, formatting will get lost.

[camera]
focal_length = 0.8692602515
pixel_aspect = 1
principal_point = 0.5 0.5
rotation = 0.9468358159 0.3205561638 0.02843721025 -0.3217573464 0.9446365237 0.06443071365 -0.006209300831 -0.0701533407 0.9975426793
translation = 0.163420409 -0.5245417953 0.2882469296

[view]
id = 7
name = 2-5
