# MVE view meta data is stored in INI-file syntax.
# This file is generated, formatting will get lost.

[camera]
focal_length = 0.7438479066
pixel_aspect = 1
principal_point = 0.5 0.5
rotation = -0.241744101 -0.9703992009 0.01329108141 0.8197570443 -0.1965697259 0.5384463668 -0.5198799968 0.1411490738 0.8428639174
translation = 0.09960331023 -2.459889889 0.5836281776

[view]
id = 10
name = IMG_9712
