# MVE view meta data is stored in INI-file syntax.
# This file is generated, formatting will get lost.

[camera]
focal_length = 0.8416038156
pixel_aspect = 1
principal_point = 0.5 0.5
rotation = 0.5823178291 -0.5888705254 0.5605127811 0.5633519292 0.7893676162 0.2440499812 -0.5861474872 0.1736523211 0.7913939953
translation = -2.644632101 -1.160272956 0.9228312373

[view]
id = 8
name = IMG_0071
