# MVE view meta data is stored in INI-file syntax.
# This file is generated, formatting will get lost.

[camera]
focal_length = 0.8810449839
pixel_aspect = 1
principal_point = 0.5 0.5
rotation = 0.1411025226 0.9232996106 0.3572717309 -0.9681726694 0.05331049487 0.2446055859 0.2067966014 -0.3804021776 0.9014240503
translation = -3.782684565 -3.16968751 2.03515029

[view]
id = 10
name = 2-8
