# MVE view meta data is stored in INI-file syntax.
# This file is generated, formatting will get lost.

[camera]
focal_length = 0.8490231633
pixel_aspect = 1
principal_point = 0.5 0.5
rotation = 0.6764062047 0.505998075 -0.5353102684 -0.549757719 0.8308355212 0.09101671726 0.4908855855 0.2328356355 0.8400216699
translation = 1.736664176 -0.2025854439 0.2842342854

[view]
id = 6
name = 4_4
