# MVE view meta data is stored in INI-file syntax.
# This file is generated, formatting will get lost.

[camera]
focal_length = 0.7032847404
pixel_aspect = 1
principal_point = 0.5 0.5
rotation = -0.8971809149 0.3512114286 -0.2734611332 -0.1356705874 0.3716010451 0.9189686775 0.4243535399 0.861608386 -0.2849209309
translation = 2.287086487 -4.160483837 3.729056597

[view]
id = 20
name = 6-21
