# MVE view meta data is stored in INI-file syntax.
# This file is generated, formatting will get lost.

[camera]
focal_length = 1.06994164
pixel_aspect = 1
principal_point = 0.5 0.5
rotation = -0.5958331227 -0.7379270196 0.3170771301 0.400128603 0.06959374994 0.9138473868 -0.696401 0.6713677049 0.2538203895
translation = -1.009724379 -2.784439564 2.110552549

[view]
id = 1
name = 1002
