# MVE view meta data is stored in INI-file syntax.
# This file is generated, formatting will get lost.

[camera]
focal_length = 0.8774752617
pixel_aspect = 1
principal_point = 0.5 0.5
rotation = -0.6837625504 0.5495114326 -0.4810807407 -0.5458409786 0.05334268138 0.8366503716 0.4853650033 0.8345383406 0.2636803389
translation = 1.2269876 -2.171776295 1.883888841

[view]
id = 9
name = IMG_9690
