# MVE view meta data is stored in INI-file syntax.
# This file is generated, formatting will get lost.

[camera]
focal_length = 0.7646999955
pixel_aspect = 1
principal_point = 0.5 0.5
rotation = -0.4085639417 -0.4540400505 0.7924998403 0.6129162312 0.5066061616 0.6066683531 -0.6769395471 0.7335931659 0.07128759474
translation = -2.774923086 -3.150772572 3.159244299

[view]
id = 28
name = 6-29
