# MVE view meta data is stored in INI-file syntax.
# This file is generated, formatting will get lost.

[camera]
focal_length = 0.9882635474
pixel_aspect = 1
principal_point = 0.5 0.5
rotation = 0.6018794179 0.7467011213 -0.283228606 -0.7345764041 0.6567789912 0.1705145091 0.3133294284 0.1054261625 0.943785429
translation = 0.7788493633 -0.5411813855 0.02332584001

[view]
id = 10
name = 1011
