# MVE view meta data is stored in INI-file syntax.
# This file is generated, formatting will get lost.

[camera]
focal_length = 0.8059491515
pixel_aspect = 1
principal_point = 0.5 0.5
rotation = 0.202595517 0.583430171 -0.7865955234 -0.5145542026 0.7469935417 0.4213188589 0.8333756924 0.3193928301 0.4515457749
translation = 4.026286602 -1.692016602 0.7581396103

[view]
id = 13
name = 6-14
