# MVE view meta data is stored in INI-file syntax.
# This file is generated, formatting will get lost.

[camera]
focal_length = 0.8388528824
pixel_aspect = 1
principal_point = 0.5 0.5
rotation = 0.1393247098 -0.7632007599 0.6309980154 0.7827513814 0.4751825929 0.4019103348 -0.6065681577 0.4379213452 0.663603425
translation = -3.223709822 -1.757446647 1.50049293

[view]
id = 1
name = IMG_0046
