# MVE view meta data is stored in INI-file syntax.
# This file is generated, formatting will get lost.

[camera]
focal_length = 2.878589392
pixel_aspect = 1
principal_point = 0.5 0.5
rotation = -0.3107307255 0.7711465359 -0.5931688547 -0.6355688572 0.3237172067 0.7499762177 0.7344078422 0.6069268584 0.3820031285
translation = 2.069078684 -2.141828537 7.347126961

[view]
id = 4
name = 4_2
