# MVE view meta data is stored in INI-file syntax.
# This file is generated, formatting will get lost.

[camera]
focal_length = 0.9432396293
pixel_aspect = 1
principal_point = 0.5 0.5
rotation = 0.9462710023 -0.2359391898 0.2212442309 0.2337767035 0.9716180563 0.03636180982 -0.2235442549 0.01731566899 0.974567771
translation = -0.6261014342 -0.2423792183 0.3515314758

[view]
id = 7
name = 1008
