# MVE view meta data is stored in INI-file syntax.
# This file is generated, formatting will get lost.

[camera]
focal_length = 0.7744570374
pixel_aspect = 1
principal_point = 0.5 0.5
rotation = -0.694199264 0.5018325448 -0.5184782743 -0.3214099705 0.4302032888 0.8447657228 0.6466301084 0.7525678277 -0.1361412853
translation = 3.293649912 -3.716346741 3.349244595

[view]
id = 18
name = 6-19
