# MVE view meta data is stored in INI-file syntax.
# This file is generated, formatting will get lost.

[camera]
focal_length = 0.5500539541
pixel_aspect = 1
principal_point = 0.5 0.5
rotation = 0.6474522948 0.7023463249 -0.2967885733 -0.7417362928 0.6772829294 -0.01854769327 0.1869632006 0.2312485576 0.9596067667
translation = 1.238408327 0.5980550051 -0.9729163647

[view]
id = 1
name = IMG_9703
