# MVE view meta data is stored in INI-file syntax.
# This file is generated, formatting will get lost.

[camera]
focal_length = 0.6960958838
pixel_aspect = 1
principal_point = 0.5 0.5
rotation = -0.8460496068 -0.1974873245 0.4975865185 0.3984596133 0.3883908689 0.8311146498 -0.3574228287 0.9013537169 -0.2497428805
translation = -1.203949094 -4.06491375 4.153603554

[view]
id = 25
name = 6-26
