# MVE view meta data is stored in INI-file syntax.
# This file is generated, formatting will get lost.

[camera]
focal_length = 0.8874256015
pixel_aspect = 1
principal_point = 0.5 0.5
rotation = -0.4933575988 0.7028744817 0.5125969052 -0.7956711054 -0.6027451158 0.06079742312 0.3517222106 -0.3777656257 0.8565945625
translation = -5.568666935 -1.109512806 1.426292419

[view]
id = 2
name = 2-11
