# MVE view meta data is stored in INI-file syntax.
# This file is generated, formatting will get lost.

[camera]
focal_length = 0.958499372
pixel_aspect = 1
principal_point = 0.5 0.5
rotation = 0.9455435276 0.2871448398 -0.1535950899 -0.293949008 0.9556382895 -0.02321044542 0.1400947422 0.06709870696 0.9879506826
translation = 0.4719774723 0.07417184114 0.06661516428

[view]
id = 3
name = IMG_9684
