# MVE view meta data is stored in INI-file syntax.
# This file is generated, formatting will get lost.

[camera]
focal_length = 0.8065218329
pixel_aspect = 1
principal_point = 0.5 0.5
rotation = -0.5372812152 0.5588111281 -0.6321265697 -0.4042367935 0.4873108864 0.7741776109 0.7406486869 0.6714848876 -0.03590608016
translation = 3.714172125 -3.348292828 2.969339609

[view]
id = 17
name = 6-18
