# MVE view meta data is stored in INI-file syntax.
# This file is generated, formatting will get lost.

[camera]
focal_length = 0.8640617728
pixel_aspect = 1
principal_point = 0.5 0.5
rotation = 0.8895084858 -0.368211776 0.2705496252 0.3609944284 0.9293099642 0.07789658755 -0.2801060379 0.02837740816 0.959551096
translation = -0.971024394 -0.2079430819 0.2271847576

[view]
id = 7
name = 15-8
