# MVE view meta data is stored in INI-file syntax.
# This file is generated, formatting will get lost.

[camera]
focal_length = 0.8406608701
pixel_aspect = 1
principal_point = 0.5 0.5
rotation = 0.9098520279 0.3289358914 -0.253395468 -0.3430286348 0.9392840862 -0.01203985605 0.234040603 0.09788831323 0.9674340487
translation = 0.993293643 -0.1710598469 0.29745543

[view]
id = 4
name = 3-13
