# MVE view meta data is stored in INI-file syntax.
# This file is generated, formatting will get lost.

[camera]
focal_length = 0.9011109471
pixel_aspect = 1
principal_point = 0.5 0.5
rotation = -0.3464644849 0.6373516321 -0.6887143254 -0.7364107966 0.2703638673 0.6205172539 0.5815916657 0.7220816016 0.3758142591
translation = 1.847168446 -1.630438328 1.756888509

[view]
id = 8
name = IMG_9689
