# MVE view meta data is stored in INI-file syntax.
# This file is generated, formatting will get lost.

[camera]
focal_length = 0.8113166094
pixel_aspect = 1
principal_point = 0.5 0.5
rotation = 0.979008019 0.08453988284 -0.1855668277 -0.08528122306 0.9963648915 0.003994237166 0.1852224022 0.01191144437 0.9826369882
translation = 0.8859773278 -0.04398316517 -1.271192431

[view]
id = 7
name = 6-08
