# MVE view meta data is stored in INI-file syntax.
# This file is generated, formatting will get lost.

[camera]
focal_length = 0.8433948159
pixel_aspect = 1
principal_point = 0.5 0.5
rotation = 0.6437979937 -0.4009919763 0.6613046527 0.3789710999 0.9198209047 0.177865088 -0.6662484407 0.1359985024 0.7463398576
translation = -4.223299503 -1.380679846 1.986495495

[view]
id = 8
name = IMG_9900
