# MVE view meta data is stored in INI-file syntax.
# This file is generated, formatting will get lost.

[camera]
focal_length = 0.8726027012
pixel_aspect = 1
principal_point = 0.5 0.5
rotation = 0.999940455 -0.0005747333053 -0.01277660113 0.0005683354102 1.000004053 0.0005325034144 0.01277469192 -0.0005417902721 0.9999440908
translation = 0.02910973318 0.007622828241 0.06998826563

[view]
id = 6
name = 15-7
