# MVE view meta data is stored in INI-file syntax.
# This file is generated, formatting will get lost.

[camera]
focal_length = 0.8322749734
pixel_aspect = 1
principal_point = 0.5 0.5
rotation = 0.8857073784 -0.3736409247 0.2755820155 0.3669712245 0.9270129204 0.07743617147 -0.2843991518 0.03254507855 0.9581733942
translation = -1.267630577 -0.2620379925 0.2313242853

[view]
id = 7
name = 3-16
