# MVE view meta data is stored in INI-file syntax.
# This file is generated, formatting will get lost.

[camera]
focal_length = 0.8500692248
pixel_aspect = 1
principal_point = 0.5 0.5
rotation = 0.3361235857 -0.7639741898 0.5507906079 0.7022855878 0.593013227 0.3939370513 -0.6275829077 0.2543995082 0.7358548641
translation = -2.7998209 -1.606482148 0.2031678855

[view]
id = 9
name = IMG_0072
