# MVE view meta data is stored in INI-file syntax.
# This file is generated, formatting will get lost.

[camera]
focal_length = 0.9813528657
pixel_aspect = 1
principal_point = 0.5 0.5
rotation = -0.03301415965 0.6896247864 -0.7237753868 -0.7660366893 0.4478790164 0.4623523057 0.6429498792 0.5696123242 0.513540864
translation = 1.946401477 -1.33369875 1.831261158

[view]
id = 7
name = IMG_9688
