# MVE view meta data is stored in INI-file syntax.
# This file is generated, formatting will get lost.

[camera]
focal_length = 0.8326551318
pixel_aspect = 1
principal_point = 0.5 0.5
rotation = 0.7328301072 0.5512666106 -0.3990057409 -0.5309157968 0.8299205899 0.1716336608 0.4257498085 0.08610890806 0.9008331299
translation = 2.190809011 -0.5575003028 0.2618947625

[view]
id = 11
name = IMG_0056
