# MVE view meta data is stored in INI-file syntax.
# This file is generated, formatting will get lost.

[camera]
focal_length = 0.7880379558
pixel_aspect = 1
principal_point = 0.5 0.5
rotation = -0.3705742955 0.7698514462 -0.5196265578 -0.7314198017 0.1029555872 0.6741369367 0.5724791884 0.6298861504 0.5249274969
translation = 2.990637064 -3.035814047 1.762607336

[view]
id = 8
name = IMG_0053
