# MVE view meta data is stored in INI-file syntax.
# This file is generated, formatting will get lost.

[camera]
focal_length = 0.8070824742
pixel_aspect = 1
principal_point = 0.5 0.5
rotation = 0.9231953025 -0.2467709035 0.2953026891 0.2591391504 0.9659010172 -0.003641285468 -0.2843065262 0.0799138993 0.9556580186
translation = -1.254995942 -0.1993028522 -0.9050716758

[view]
id = 4
name = 6-05
