# MVE view meta data is stored in INI-file syntax.
# This file is generated, formatting will get lost.

[camera]
focal_length = 0.7912923098
pixel_aspect = 1
principal_point = 0.5 0.5
rotation = 0.1773401201 -0.5413854718 0.8219262958 0.6366083622 0.700165391 0.3238630593 -0.7508056164 0.465859741 0.4687104523
translation = -3.222300768 -1.881733775 1.528918862

[view]
id = 31
name = 6-32
