# MVE view meta data is stored in INI-file syntax.
# This file is generated, formatting will get lost.

[camera]
focal_length = 0.8448848128
pixel_aspect = 1
principal_point = 0.5 0.5
rotation = -0.2612806261 -0.8180080056 0.5124588609 0.6897960305 0.2131455094 0.6919331551 -0.6752250791 0.5342689753 0.508562088
translation = -2.580196857 -2.989230394 1.29971838

[view]
id = 11
name = IMG_0074
