# MVE view meta data is stored in INI-file syntax.
# This file is generated, formatting will get lost.

[camera]
focal_length = 0.8399174809
pixel_aspect = 1
principal_point = 0.5 0.5
rotation = 0.9999865294 -0.001153220772 -0.005379969254 0.001165232621 0.999998033 0.002371668117 0.005376880988 -0.002377815312 0.9999848604
translation = 0.03832830116 -0.01275349874 0.05718329176

[view]
id = 5
name = IMG_9897
