# MVE view meta data is stored in INI-file syntax.
# This file is generated, formatting will get lost.

[camera]
focal_length = 0.8430539966
pixel_aspect = 1
principal_point = 0.5 0.5
rotation = 0.9124985337 0.2782634795 -0.2999074459 -0.2853288949 0.9582092166 0.02086284384 0.2931807339 0.06653407961 0.9537594914
translation = 1.015436649 0.06685068458 -0.002247442724

[view]
id = 7
name = 4_5
