# MVE view meta data is stored in INI-file syntax.
# This file is generated, formatting will get lost.

[camera]
focal_length = 0.8060799837
pixel_aspect = 1
principal_point = 0.5 0.5
rotation = 0.9794791937 -0.1451849937 0.1401058733 0.1494007409 0.9885858893 -0.02005483955 -0.1355981082 0.04058099911 0.9899837375
translation = -0.586322546 -0.06477504969 -1.144804478

[view]
id = 5
name = 6-06
