# MVE view meta data is stored in INI-file syntax.
# This file is generated, formatting will get lost.

[camera]
focal_length = 0.8434717655
pixel_aspect = 1
principal_point = 0.5 0.5
rotation = 0.03211504593 0.7589328289 -0.6504160762 -0.7293170691 0.4627762139 0.5039419532 0.6834334135 0.4581719041 0.5683761835
translation = 2.703828096 -1.934069276 1.423840642

[view]
id = 17
name = IMG_0080
