# MVE view meta data is stored in INI-file syntax.
# This file is generated, formatting will get lost.

[camera]
focal_length = 0.9620637894
pixel_aspect = 1
principal_point = 0.5 0.5
rotation = 0.2119160742 0.6872437 -0.6958683133 -0.7492374182 0.5710540414 0.3356618285 0.6280024648 0.4502428174 0.6359350681
translation = 1.843666911 -0.8988694549 1.283732891

[view]
id = 6
name = IMG_9687
