# MVE view meta data is stored in INI-file syntax.
# This file is generated, formatting will get lost.

[camera]
focal_length = 0.7217143178
pixel_aspect = 1
principal_point = 0.5 0.5
rotation = 0.4239819944 0.8340824842 -0.3533203602 -0.8850546479 0.4651967585 0.03714581951 0.1953276396 0.2969101965 0.9354263544
translation = 1.916796803 0.1401457936 0.6640999317

[view]
id = 2
name = IMG_9704
