# MVE view meta data is stored in INI-file syntax.
# This file is generated, formatting will get lost.

[camera]
focal_length = 0.9344348907
pixel_aspect = 1
principal_point = 0.5 0.5
rotation = -0.7521819472 0.003096375614 0.6590120792 0.6176633239 -0.345476985 0.7065951228 0.2298206091 0.9385049343 0.2579496205
translation = -1.718366265 -1.76274395 2.107000828

[view]
id = 12
name = IMG_9693
