# MVE view meta data is stored in INI-file syntax.
# This file is generated, formatting will get lost.

[camera]
focal_length = 0.8426397443
pixel_aspect = 1
principal_point = 0.5 0.5
rotation = -0.2517127693 -0.7411399484 0.622467339 0.7890195251 0.2152609974 0.5754978061 -0.5605248809 0.6359896064 0.5305860043
translation = -3.127207279 -2.825678825 2.089446306

[view]
id = 2
name = IMG_0047
