# MVE view meta data is stored in INI-file syntax.
# This file is generated, formatting will get lost.

[camera]
focal_length = 0.8417220712
pixel_aspect = 1
principal_point = 0.5 0.5
rotation = 0.98060745 0.1251467615 -0.1514014006 -0.1291256994 0.9914926291 -0.01698704809 0.1479724795 0.03624439985 0.9884143472
translation = 1.237642169 -0.06782148778 0.2323557585

[view]
id = 4
name = IMG_9896
