# MVE view meta data is stored in INI-file syntax.
# This file is generated, formatting will get lost.

[camera]
focal_length = 0.8418366909
pixel_aspect = 1
principal_point = 0.5 0.5
rotation = 0.4188504815 0.6086220145 -0.673928082 -0.666877389 0.7099215984 0.2267254293 0.6164135933 0.3544257581 0.7032393813
translation = 4.303175449 -2.099281311 1.764146447

[view]
id = 1
name = IMG_9893
