# MVE view meta data is stored in INI-file syntax.
# This file is generated, formatting will get lost.

[camera]
focal_length = 0.8388524652
pixel_aspect = 1
principal_point = 0.5 0.5
rotation = 0.9858437181 -0.07232203335 0.1512862593 0.0701578483 0.9973446727 0.01959949359 -0.1523013115 -0.008707861416 0.9882990718
translation = -0.9990126491 -0.02239829116 0.03284611925

[view]
id = 6
name = IMG_9898
