# MVE view meta data is stored in INI-file syntax.
# This file is generated, formatting will get lost.

[camera]
focal_length = 0.8378887177
pixel_aspect = 1
principal_point = 0.5 0.5
rotation = 0.9999909997 -0.005693686195 -0.004088960588 0.005640182644 0.9999320507 -0.01425554603 0.004130267538 0.01423431747 0.9999321103
translation = 0.01420759689 0.05743553117 0.005923141725

[view]
id = 5
name = IMG_0068
