# MVE view meta data is stored in INI-file syntax.
# This file is generated, formatting will get lost.

[camera]
focal_length = 1.008239388
pixel_aspect = 1
principal_point = 0.5 0.5
rotation = 0.3128797114 -0.6819879413 0.6617007256 0.6495873332 0.6617068052 0.374742806 -0.6932572722 0.3126658499 0.6500573754
translation = -1.948196054 -1.044311762 0.9348343611

[view]
id = 4
name = 1005
