# MVE view meta data is stored in INI-file syntax.
# This file is generated, formatting will get lost.

[camera]
focal_length = 1.068923473
pixel_aspect = 1
principal_point = 0.5 0.5
rotation = 0.762069881 -0.5504493713 0.3415266573 0.4490185976 0.8290066719 0.3339543641 -0.4669299722 -0.1012179852 0.8788535595
translation = -0.9343059659 -0.8634644747 0.457367599

[view]
id = 0
name = IMG_9681
