# MVE view meta data is stored in INI-file syntax.
# This file is generated, formatting will get lost.

[camera]
focal_length = 0.8324008584
pixel_aspect = 1
principal_point = 0.5 0.5
rotation = 0.8822294474 -0.3819057047 0.2754265368 0.4695829153 0.7566515803 -0.4550657272 -0.03460528329 0.5307930708 0.8468701839
translation = -1.284240365 1.665311933 0.4490643442

[view]
id = 0
name = 3-1
