# MVE view meta data is stored in INI-file syntax.
# This file is generated, formatting will get lost.

[camera]
focal_length = 0.8317455649
pixel_aspect = 1
principal_point = 0.5 0.5
rotation = -0.05074553192 0.8088178635 -0.5859122276 -0.8527927399 0.2702507079 0.4469263554 0.5198059082 0.5223442316 0.6760403514
translation = 2.324486971 -1.604728222 1.05178833

[view]
id = 2
name = 3-11
