# MVE view meta data is stored in INI-file syntax.
# This file is generated, formatting will get lost.

[camera]
focal_length = 0.8545358777
pixel_aspect = 1
principal_point = 0.5 0.5
rotation = -0.03129427135 0.7776668072 -0.6279187799 -0.8168283701 0.3422590494 0.4646267891 0.5762287378 0.5274018049 0.6245288253
translation = 2.987807274 -2.515397787 2.002924204

[view]
id = 4
name = 6_13
