# MVE view meta data is stored in INI-file syntax.
# This file is generated, formatting will get lost.

[camera]
focal_length = 4.08400631
pixel_aspect = 1
principal_point = 0.5 0.5
rotation = -0.9136428237 0.2200463116 -0.3543511331 -0.4116080701 -0.333458811 0.8493285179 0.06865064055 0.9215325713 0.3957625926
translation = 1.508159041 -3.984071732 20.14013481

[view]
id = 1
name = 6_10
