# MVE view meta data is stored in INI-file syntax.
# This file is generated, formatting will get lost.

[camera]
focal_length = 0.8785374761
pixel_aspect = 1
principal_point = 0.5 0.5
rotation = -0.08031627536 0.9158641696 0.3934218884 -0.9692014456 -0.163948372 0.1838511825 0.2328819036 -0.3665282726 0.9008165598
translation = -4.626478672 -2.743533373 1.40781188

[view]
id = 11
name = 2-9
