# MVE view meta data is stored in INI-file syntax.
# This file is generated, formatting will get lost.

[camera]
focal_length = 0.8363661766
pixel_aspect = 1
principal_point = 0.5 0.5
rotation = -0.9927735925 0.1181658432 -0.02101905271 -0.05257614329 -0.2706473172 0.9612570405 0.1079013646 0.9554149508 0.2749051452
translation = 0.6689447761 -4.106047153 2.523394346

[view]
id = 13
name = IMG_0076
