# MVE view meta data is stored in INI-file syntax.
# This file is generated, formatting will get lost.

[camera]
focal_length = 0.8501380682
pixel_aspect = 1
principal_point = 0.5 0.5
rotation = 1.00001657 -0.008262920193 0.006910790224 0.008104673587 1.000058293 0.01083225291 -0.006995969452 -0.01077768207 1.000046253
translation = 0.2653445005 -0.4785115719 0.4748519361

[view]
id = 8
name = 6_17
