# MVE view meta data is stored in INI-file syntax.
# This file is generated, formatting will get lost.

[camera]
focal_length = 0.8359645009
pixel_aspect = 1
principal_point = 0.5 0.5
rotation = -0.876331389 0.412622869 -0.2486148477 -0.35968256 -0.2171010226 0.9074715376 0.3204688132 0.884662509 0.3386722505
translation = 1.268924117 -3.60820055 2.365430832

[view]
id = 14
name = IMG_0077
