# MVE view meta data is stored in INI-file syntax.
# This file is generated, formatting will get lost.

[camera]
focal_length = 0.8040238619
pixel_aspect = 1
principal_point = 0.5 0.5
rotation = 0.5517315269 0.4778612256 -0.6837634444 -0.4435636699 0.8624863625 0.2450474799 0.7068004012 0.168281734 0.6874867082
translation = 3.374321938 -0.9342496991 -0.240847677

[view]
id = 11
name = 6-12
