# MVE view meta data is stored in INI-file syntax.
# This file is generated, formatting will get lost.

[camera]
focal_length = 0.7825887203
pixel_aspect = 1
principal_point = 0.5 0.5
rotation = -0.1865340173 0.6165210605 -0.7651723027 -0.5008764267 0.6105200648 0.6138258576 0.8455377221 0.4977349341 0.195004046
translation = 4.139847279 -2.570283175 1.814019442

[view]
id = 15
name = 6-16
