# MVE view meta data is stored in INI-file syntax.
# This file is generated, formatting will get lost.

[camera]
focal_length = 0.9981461763
pixel_aspect = 1
principal_point = 0.5 0.5
rotation = 0.2801564336 0.9370203614 -0.2086399198 -0.9083542228 0.3290640116 0.2582098246 0.3106002808 0.1171932742 0.9433197379
translation = 0.7636891007 -0.81231457 0.1892640144

[view]
id = 11
name = 1012
