# MVE view meta data is stored in INI-file syntax.
# This file is generated, formatting will get lost.

[camera]
focal_length = 0.904429853
pixel_aspect = 1
principal_point = 0.5 0.5
rotation = -0.9134999514 0.270222187 0.3050171435 0.2077808678 -0.3345453739 0.9192711711 0.3504201472 0.9031389952 0.2494434714
translation = -0.6861258149 -2.4536798 2.076094389

[view]
id = 11
name = IMG_9692
