# MVE view meta data is stored in INI-file syntax.
# This file is generated, formatting will get lost.

[camera]
focal_length = 0.8588593602
pixel_aspect = 1
principal_point = 0.5 0.5
rotation = -0.7769984603 0.4402285516 -0.4499998093 -0.6295565367 -0.5401493311 0.558540225 0.002808401128 0.7172957063 0.6968197823
translation = 2.007267714 -2.447953224 0.6721077561

[view]
id = 0
name = IMG_0063
