# MVE view meta data is stored in INI-file syntax.
# This file is generated, formatting will get lost.

[camera]
focal_length = 0.8680077791
pixel_aspect = 1
principal_point = 0.5 0.5
rotation = 0.9383505583 -0.3453601897 0.01516510546 0.3448705673 0.9321971536 -0.1099001914 0.02381771989 0.1083540842 0.9938289523
translation = -0.1450221241 1.157686949 0.3456970155

[view]
id = 4
name = 2-2
