# MVE view meta data is stored in INI-file syntax.
# This file is generated, formatting will get lost.

[camera]
focal_length = 0.7695379853
pixel_aspect = 1
principal_point = 0.5 0.5
rotation = -0.02048482001 -0.5352803469 0.8446632624 0.6482049823 0.6360211968 0.4187974632 -0.7614142895 0.5560709238 0.3339056075
translation = -3.219783783 -2.319848061 2.074229956

[view]
id = 30
name = 6-31
