# MVE view meta data is stored in INI-file syntax.
# This file is generated, formatting will get lost.

[camera]
focal_length = 0.8355279565
pixel_aspect = 1
principal_point = 0.5 0.5
rotation = 0.9315643311 -0.3047547936 0.1984381378 0.2925014198 0.9521398544 0.08915544301 -0.2160800993 -0.02502063848 0.9760894179
translation = -0.9092042446 -0.3910443187 0.06356389821

[view]
id = 14
name = IMG_0059
