# MVE view meta data is stored in INI-file syntax.
# This file is generated, formatting will get lost.

[camera]
focal_length = 0.8374528885
pixel_aspect = 1
principal_point = 0.5 0.5
rotation = -0.7478016615 -0.3683286309 0.5524172187 0.6393564939 -0.1751390249 0.7487140298 -0.1790092885 0.9130666852 0.3664707243
translation = -2.107033253 -3.300960064 2.380719662

[view]
id = 12
name = IMG_0075
