# MVE view meta data is stored in INI-file syntax.
# This file is generated, formatting will get lost.

[camera]
focal_length = 0.7387317419
pixel_aspect = 1
principal_point = 0.5 0.5
rotation = -0.218642205 -0.5047208071 0.8355067968 0.6372231841 0.5746045709 0.5140013695 -0.7395256758 0.6447756886 0.195947513
translation = -3.072060585 -2.744479418 2.540526152

[view]
id = 29
name = 6-30
