# MVE view meta data is stored in INI-file syntax.
# This file is generated, formatting will get lost.

[camera]
focal_length = 0.9170125723
pixel_aspect = 1
principal_point = 0.5 0.5
rotation = 0.9999718666 0.001484400709 -0.01015542168 -0.001503387932 1.000008583 -0.002216230379 0.01015219186 0.002238536021 0.9999616146
translation = 0.06862353534 0.009886516258 -0.1015986949

[view]
id = 8
name = 1009
