# MVE view meta data is stored in INI-file syntax.
# This file is generated, formatting will get lost.

[camera]
focal_length = 0.8202548623
pixel_aspect = 1
principal_point = 0.5 0.5
rotation = -0.5606330633 0.6605350375 -0.499753803 -0.706060946 -0.06611466408 0.705249548 0.4326802492 0.7482681274 0.5034584999
translation = 2.114247322 -2.475738049 1.687316775

[view]
id = 1
name = 3-10
