# MVE view meta data is stored in INI-file syntax.
# This file is generated, formatting will get lost.

[camera]
focal_length = 0.801900506
pixel_aspect = 1
principal_point = 0.5 0.5
rotation = 0.8249760866 -0.3440027237 0.449118197 0.3694551289 0.9291858077 0.03332752734 -0.4288341403 0.1386683434 0.8929505944
translation = -1.893315077 -0.4266412854 -0.5540681481

[view]
id = 3
name = 6-04
