# MVE view meta data is stored in INI-file syntax.
# This file is generated, formatting will get lost.

[camera]
focal_length = 0.8512586355
pixel_aspect = 1
principal_point = 0.5 0.5
rotation = 0.9303871989 0.2715614438 -0.246408239 -0.2725670934 0.9616809487 0.03080519289 0.2453309447 0.03848177195 0.9687331319
translation = 1.505343676 -0.5377997756 0.5568230152

[view]
id = 7
name = 6_16
