# MVE view meta data is stored in INI-file syntax.
# This file is generated, formatting will get lost.

[camera]
focal_length = 0.7328971028
pixel_aspect = 1
principal_point = 0.5 0.5
rotation = -0.7002379894 -0.6048443913 0.3794909716 0.5178331733 -0.06389100105 0.85333848 -0.491920203 0.793849349 0.358045727
translation = -1.048985362 -3.575219631 2.675213814

[view]
id = 12
name = 3-6
