# MVE view meta data is stored in INI-file syntax.
# This file is generated, formatting will get lost.

[camera]
focal_length = 0.3533094227
pixel_aspect = 1
principal_point = 0.5 0.5
rotation = -0.9824140072 0.1417054683 0.1524130851 0.1958485693 0.3625224829 0.9150707126 0.07322470844 0.9289648533 -0.3826445043
translation = 0.3973454535 -4.346969128 2.99552083

[view]
id = 23
name = 6-24
