# MVE view meta data is stored in INI-file syntax.
# This file is generated, formatting will get lost.

[camera]
focal_length = 0.869415462
pixel_aspect = 1
principal_point = 0.5 0.5
rotation = 0.9009042978 -0.4325892627 0.03531687334 0.4338868558 0.8955928683 -0.09840611368 0.01093302388 0.1039784029 0.9945325255
translation = -0.4694195986 1.33831799 0.7955677509

[view]
id = 0
name = 2-1
