# MVE view meta data is stored in INI-file syntax.
# This file is generated, formatting will get lost.

[camera]
focal_length = 0.8409609199
pixel_aspect = 1
principal_point = 0.5 0.5
rotation = 0.9999921322 0.007617407013 -0.00365694589 -0.007564459462 0.9999041557 0.01425326336 0.003739621025 -0.01422373112 0.9999257326
translation = -0.0009855942335 -0.04959943891 0.1398439407

[view]
id = 13
name = IMG_0058
