# MVE view meta data is stored in INI-file syntax.
# This file is generated, formatting will get lost.

[camera]
focal_length = 0.8732146621
pixel_aspect = 1
principal_point = 0.5 0.5
rotation = 0.9624693394 0.2691084445 0.03534585238 -0.2714015841 0.9557825923 0.1133070737 -0.003291833913 -0.1186460257 0.9929336309
translation = -0.1091837063 -1.072691202 0.4720104635

[view]
id = 6
name = 2-4
