# MVE view meta data is stored in INI-file syntax.
# This file is generated, formatting will get lost.

[camera]
focal_length = 0.8286124468
pixel_aspect = 1
principal_point = 0.5 0.5
rotation = 0.4850053787 0.7227405906 -0.4923677742 -0.7629486918 0.624889493 0.1657238305 0.4274505675 0.2952706814 0.8544816375
translation = 2.169580221 -0.5928618908 0.7111741304

[view]
id = 3
name = 3-12
