# MVE view meta data is stored in INI-file syntax.
# This file is generated, formatting will get lost.

[camera]
focal_length = 0.8369293213
pixel_aspect = 1
principal_point = 0.5 0.5
rotation = 0.8703925014 -0.2735366225 0.409519434 0.2584615946 0.9615440369 0.0930333063 -0.4192174971 0.02488560416 0.9076153636
translation = -2.678297758 -0.7836886048 0.8510867953

[view]
id = 7
name = IMG_9899
