# MVE view meta data is stored in INI-file syntax.
# This file is generated, formatting will get lost.

[camera]
focal_length = 0.3254075944
pixel_aspect = 1
principal_point = 0.5 0.5
rotation = -0.904851675 -0.1292836815 0.4294318259 0.3628387451 0.3379625082 0.8690994382 -0.2589620948 0.9401065707 -0.2617373466
translation = -0.696185112 -4.165473461 2.075507402

[view]
id = 22
name = 6-23
