# MVE view meta data is stored in INI-file syntax.
# This file is generated, formatting will get lost.

[camera]
focal_length = 0.8394218683
pixel_aspect = 1
principal_point = 0.5 0.5
rotation = 0.9080756307 -0.2859531343 0.3059975207 0.2754143476 0.9581534266 0.07806916535 -0.31551373 0.01338360365 0.9488289952
translation = -0.9532142878 -0.2393550128 0.2594960928

[view]
id = 9
name = 4_7
