# MVE view meta data is stored in INI-file syntax.
# This file is generated, formatting will get lost.

[camera]
focal_length = 0.8115074635
pixel_aspect = 1
principal_point = 0.5 0.5
rotation = 0.9992920756 -0.03272618353 -0.02036411874 0.03237989917 0.9993431568 -0.01765747555 0.02092398331 0.01700962149 0.9996664524
translation = 0.1267932206 -0.01048649754 -1.257210732

[view]
id = 6
name = 6-07
