# MVE view meta data is stored in INI-file syntax.
# This file is generated, formatting will get lost.

[camera]
focal_length = 0.834751308
pixel_aspect = 1
principal_point = 0.5 0.5
rotation = 0.9161574841 0.3132759929 -0.2505091131 -0.3124723136 0.9492138028 0.04394958168 0.2516374588 0.03802830726 0.9674509168
translation = 1.277686834 -0.03091421351 -0.04093383625

[view]
id = 12
name = IMG_0057
