# MVE view meta data is stored in INI-file syntax.
# This file is generated, formatting will get lost.

[camera]
focal_length = 1.008399844
pixel_aspect = 1
principal_point = 0.5 0.5
rotation = 0.1738170683 -0.4453476369 -0.8784371614 0.4176115394 0.8411298394 -0.3437654078 0.8919361234 -0.3070547879 0.3321478665
translation = 1.758548379 1.358218789 1.886595249

[view]
id = 0
name = 1001
