# MVE view meta data is stored in INI-file syntax.
# This file is generated, formatting will get lost.

[camera]
focal_length = 0.8058132529
pixel_aspect = 1
principal_point = 0.5 0.5
rotation = -0.01271134615 -0.744879961 0.6674544811 0.7645050287 0.4232470989 0.4864799976 -0.6447117329 0.5164149404 0.5641953945
translation = -2.542217731 -2.681563377 1.954809189

[view]
id = 13
name = 6_5
