# MVE view meta data is stored in INI-file syntax.
# This file is generated, formatting will get lost.

[camera]
focal_length = 0.8434880972
pixel_aspect = 1
principal_point = 0.5 0.5
rotation = 0.7398996353 0.4329219162 -0.5149176121 -0.4974696636 0.8673756123 0.01444562059 0.452879101 0.2454640269 0.8571373224
translation = 3.76711154 -0.7305461764 0.5757434368

[view]
id = 2
name = IMG_9894
