# MVE view meta data is stored in INI-file syntax.
# This file is generated, formatting will get lost.

[camera]
focal_length = 0.8504194021
pixel_aspect = 1
principal_point = 0.5 0.5
rotation = -0.7904756069 0.4069188535 -0.4578378201 -0.612372458 -0.5416722298 0.5760530829 -0.01359413937 0.7357245088 0.6773599386
translation = 2.026294947 -2.306040525 1.066862941

[view]
id = 1
name = IMG_0064
