# MVE view meta data is stored in INI-file syntax.
# This file is generated, formatting will get lost.

[camera]
focal_length = 0.8415842056
pixel_aspect = 1
principal_point = 0.5 0.5
rotation = -0.3432043493 0.7815215588 -0.521073997 -0.6330518723 0.2173483372 0.7429981828 0.6938743591 0.5848752856 0.4201560915
translation = 2.263515472 -2.848805904 1.99360764

[view]
id = 16
name = IMG_0079
