# MVE view meta data is stored in INI-file syntax.
# This file is generated, formatting will get lost.

[camera]
focal_length = 0.8747820258
pixel_aspect = 1
principal_point = 0.5 0.5
rotation = 0.9999591708 -0.008416954428 -0.005185384769 0.008404128253 0.9999709725 -0.002467788523 0.005206267815 0.00242533721 0.999986589
translation = 0.02455666475 0.05705320463 0.3518557847

[view]
id = 5
name = 2-3
