# MVE view meta data is stored in INI-file syntax.
# This file is generated, formatting will get lost.

[camera]
focal_length = 0.4358393848
pixel_aspect = 1
principal_point = 0.5 0.5
rotation = -0.996689558 -0.04639920592 0.0721572414 0.05171673745 -1.006717205 0.02100501396 0.07171262801 0.02466394007 1.005774617
translation = -0.2152028084 0.07703530043 -1.846948028

[view]
id = 17
name = 6_9
