# MVE view meta data is stored in INI-file syntax.
# This file is generated, formatting will get lost.

[camera]
focal_length = 0.7230930328
pixel_aspect = 1
principal_point = 0.5 0.5
rotation = 0.3127293885 -0.9331217408 0.179202944 0.8692679405 0.3570108712 0.3426147103 -0.3836809397 0.0486609228 0.9225125909
translation = -0.6396645308 -1.608692408 0.1167468205

[view]
id = 11
name = IMG_9713
