# MVE view meta data is stored in INI-file syntax.
# This file is generated, formatting will get lost.

[camera]
focal_length = 0.8413524032
pixel_aspect = 1
principal_point = 0.5 0.5
rotation = 0.9167314172 0.2814198732 -0.2835942805 -0.2971299589 0.9547749758 -0.01302603073 0.2671046853 0.09620512277 0.9588882327
translation = 1.291981697 0.05640735105 0.09449266642

[view]
id = 4
name = IMG_0067
