# MVE view meta data is stored in INI-file syntax.
# This file is generated, formatting will get lost.

[camera]
focal_length = 0.8707529902
pixel_aspect = 1
principal_point = 0.5 0.5
rotation = 0.8865029812 0.4584708214 0.06282136589 -0.4627521038 0.8789621592 0.1153699905 -0.002325441688 -0.1313524991 0.9913401604
translation = -0.3283898234 -1.068630695 0.5221910477

[view]
id = 8
name = 2-6
