# MVE view meta data is stored in INI-file syntax.
# This file is generated, formatting will get lost.

[camera]
focal_length = 0.845923543
pixel_aspect = 1
principal_point = 0.5 0.5
rotation = -0.05900729075 -0.8518123627 0.520617485 0.7186040282 0.325715512 0.6144748926 -0.6929394007 0.4104065299 0.5928940177
translation = -2.758470058 -2.754898071 0.8377471566

[view]
id = 10
name = IMG_0073
