# MVE view meta data is stored in INI-file syntax.
# This file is generated, formatting will get lost.

[camera]
focal_length = 0.8090797067
pixel_aspect = 1
principal_point = 0.5 0.5
rotation = 0.9217602611 0.194759354 -0.3353584409 -0.1922269911 0.9805113673 0.04108984768 0.3368220925 0.02658136562 0.9412127137
translation = 1.594931245 -0.1518096924 -1.165686965

[view]
id = 8
name = 6-09
